2012-09-11_15_36_32.jpg 1 175 209 444 495
2012-09-11_15_36_32.jpg 1 259 290 447 500
2012-09-11_15_36_32.jpg 2 246 272 372 421
2012-09-11_15_36_32.jpg 1 231 264 450 503
2012-09-11_15_36_32.jpg 2 71 107 445 500
2012-09-11_15_36_32.jpg 2 312 341 450 507
2012-09-11_15_36_32.jpg 1 148 182 443 499
2012-09-11_15_36_32.jpg 2 268 294 373 424
2012-09-11_15_36_32.jpg 2 223 254 369 423
2012-09-11_15_36_32.jpg 1 299 317 164 203
2012-09-11_15_36_32.jpg 1 204 237 447 498
2012-09-11_15_36_32.jpg 2 221 248 272 324
2012-09-11_15_36_32.jpg 1 44 79 444 499
2012-09-11_15_36_32.jpg 2 172 193 163 206
2012-09-11_15_36_32.jpg 1 266 283 163 205
2012-09-11_15_36_32.jpg 2 290 313 371 423
2012-09-11_15_36_32.jpg 1 283 300 162 203
2012-09-11_15_36_32.jpg 2 523 550 370 427
2012-09-11_15_36_32.jpg 2 303 324 275 322
2012-09-11_15_36_32.jpg 2 127 153 370 420
2012-09-11_15_36_32.jpg 2 322 343 276 321
2012-09-11_15_36_32.jpg 2 203 229 369 419
2012-09-11_15_36_32.jpg 2 452 479 373 426
2012-09-11_15_36_32.jpg 2 499 527 372 430
2012-09-11_15_36_32.jpg 2 154 180 274 324
2012-09-11_15_36_32.jpg 2 147 174 374 422
2012-09-11_15_36_32.jpg 1 288 315 448 504
2012-09-11_15_36_32.jpg 1 316 332 163 199
2012-09-11_15_36_32.jpg 2 174 197 272 322
2012-09-11_15_36_32.jpg 2 494 514 157 192
2012-09-11_15_36_32.jpg 2 344 364 231 273
2012-09-11_15_36_32.jpg 1 250 267 164 202
2012-09-11_15_36_32.jpg 2 363 383 275 320
2012-09-11_15_36_32.jpg 2 95 132 444 501
2012-09-11_15_36_32.jpg 1 188 211 162 204
2012-09-11_15_36_32.jpg 2 475 501 371 428
2012-09-11_15_36_32.jpg 2 180 206 372 417
2012-09-11_15_36_32.jpg 2 345 362 274 320
2012-09-11_15_36_32.jpg 1 388 404 159 198
2012-09-11_15_36_32.jpg 2 108 135 372 421
2012-09-11_15_36_32.jpg 2 124 158 441 500
2012-09-11_15_36_32.jpg 2 483 507 226 274
2012-09-11_15_36_32.jpg 2 204 225 163 204
2012-09-11_15_36_32.jpg 2 139 162 163 204
2012-09-11_15_36_32.jpg 2 262 286 270 322
2012-09-11_15_36_32.jpg 1 524 549 227 270
2012-09-11_15_36_32.jpg 2 312 336 371 427
2012-09-11_15_36_32.jpg 2 444 467 276 318
2012-09-11_15_36_32.jpg 2 333 350 162 200
2012-09-11_15_36_32.jpg 1 511 534 153 193
2012-09-11_15_36_32.jpg 1 324 344 234 272
2012-09-11_15_36_32.jpg 2 442 465 225 272
2012-09-11_15_36_32.jpg 2 282 301 275 323
2012-09-11_15_36_32.jpg 1 364 382 234 272
2012-09-11_15_36_32.jpg 1 404 423 225 270
2012-09-11_15_36_32.jpg 2 205 225 272 326
2012-09-11_15_36_32.jpg 1 155 177 163 206
2012-09-11_15_36_32.jpg 2 505 526 226 271
2012-09-11_15_36_32.jpg 2 403 423 273 319
2012-09-11_15_36_32.jpg 2 85 113 371 420
2012-09-11_15_36_32.jpg 2 382 404 230 271
2012-09-11_15_36_32.jpg 1 368 386 159 198
2012-09-11_15_36_32.jpg 2 463 484 227 272
2012-09-11_15_36_32.jpg 2 383 402 275 321
2012-09-11_15_36_32.jpg 2 137 162 266 321
2012-09-11_15_36_32.jpg 2 251 273 235 272
2012-09-11_15_36_32.jpg 2 230 251 162 203
2012-09-11_15_36_32.jpg 1 167 192 237 274
2012-09-11_15_36_32.jpg 1 307 327 233 272
2012-09-11_15_36_32.jpg 2 425 445 274 320
2012-09-11_15_36_32.jpg 2 287 309 233 273
2012-09-11_15_36_32.jpg 2 335 359 372 422
2012-09-11_15_36_32.jpg 2 148 172 237 276
2012-09-11_15_36_32.jpg 2 242 265 274 324
2012-09-11_15_36_32.jpg 2 20 56 445 494
2012-09-11_15_36_32.jpg 2 187 211 238 277
2012-09-11_15_36_32.jpg 2 467 488 275 321
2012-09-11_15_36_32.jpg 1 424 444 228 274
2012-09-11_15_36_32.jpg 2 486 511 272 318
2012-09-11_15_36_32.jpg 2 117 145 270 322
2012-09-11_15_36_32.jpg 2 509 531 275 319
2012-09-11_15_36_32.jpg 1 403 420 160 196
2012-09-11_15_36_32.jpg 1 130 156 235 275
2012-09-11_15_36_32.jpg 2 351 367 161 197
2012-09-11_15_36_32.jpg 1 114 140 236 274
2012-09-11_15_36_32.jpg 2 530 557 269 316
2012-09-11_15_36_32.jpg 2 228 251 237 276
2012-09-11_15_36_32.jpg 2 546 576 368 425
2012-09-11_15_36_32.jpg 1 268 290 235 272
2012-09-11_15_36_32.jpg 2 457 477 159 196
2012-09-11_15_36_32.jpg 2 359 382 370 425
2012-09-11_15_36_32.jpg 2 101 125 269 321
2012-09-11_15_36_32.jpg 2 429 454 375 427
2012-09-11_15_36_32.jpg 2 422 439 160 196
2012-09-11_15_36_32.jpg 1 212 235 238 275
2012-09-11_15_36_32.jpg 1 477 496 155 196
2012-09-11_15_36_32.jpg 2 440 457 159 193
2012-09-11_15_36_32.jpg 2 407 430 372 426
2012-09-11_15_36_32.jpg 2 383 407 369 423
2012-09-11_15_36_32.jpg 1 65 95 368 420
2012-09-11_15_36_32.jpg 2 65 95 368 420