2012-09-11_15_16_58.jpg 1 175 209 443 494
2012-09-11_15_16_58.jpg 2 246 272 371 420
2012-09-11_15_16_58.jpg 1 259 290 446 498
2012-09-11_15_16_58.jpg 2 72 106 444 499
2012-09-11_15_16_58.jpg 1 148 183 441 498
2012-09-11_15_16_58.jpg 1 231 264 449 502
2012-09-11_15_16_58.jpg 1 299 317 163 202
2012-09-11_15_16_58.jpg 1 127 153 367 418
2012-09-11_15_16_58.jpg 2 312 341 449 504
2012-09-11_15_16_58.jpg 1 204 238 446 497
2012-09-11_15_16_58.jpg 1 266 283 163 204
2012-09-11_15_16_58.jpg 2 451 478 372 424
2012-09-11_15_16_58.jpg 2 148 174 372 420
2012-09-11_15_16_58.jpg 1 288 314 446 501
2012-09-11_15_16_58.jpg 2 172 193 162 205
2012-09-11_15_16_58.jpg 1 283 300 161 202
2012-09-11_15_16_58.jpg 2 289 313 370 421
2012-09-11_15_16_58.jpg 2 304 324 274 322
2012-09-11_15_16_58.jpg 1 316 332 163 197
2012-09-11_15_16_58.jpg 2 475 501 370 426
2012-09-11_15_16_58.jpg 1 188 211 161 204
2012-09-11_15_16_58.jpg 2 124 158 439 499
2012-09-11_15_16_58.jpg 1 510 534 152 193
2012-09-11_15_16_58.jpg 2 223 254 368 422
2012-09-11_15_16_58.jpg 2 268 294 372 422
2012-09-11_15_16_58.jpg 2 287 309 232 272
2012-09-11_15_16_58.jpg 2 154 180 272 323
2012-09-11_15_16_58.jpg 1 45 79 444 497
2012-09-11_15_16_58.jpg 2 203 229 368 417
2012-09-11_15_16_58.jpg 2 344 364 230 273
2012-09-11_15_16_58.jpg 2 262 287 268 322
2012-09-11_15_16_58.jpg 2 312 336 370 426
2012-09-11_15_16_58.jpg 2 251 273 233 271
2012-09-11_15_16_58.jpg 2 222 249 270 324
2012-09-11_15_16_58.jpg 2 95 132 443 499
2012-09-11_15_16_58.jpg 2 493 513 156 192
2012-09-11_15_16_58.jpg 2 139 162 162 202
2012-09-11_15_16_58.jpg 1 307 327 232 271
2012-09-11_15_16_58.jpg 2 333 350 162 199
2012-09-11_15_16_58.jpg 2 107 135 369 419
2012-09-11_15_16_58.jpg 1 269 290 234 270
2012-09-11_15_16_58.jpg 2 521 548 369 425
2012-09-11_15_16_58.jpg 2 323 343 275 320
2012-09-11_15_16_58.jpg 1 250 267 163 201
2012-09-11_15_16_58.jpg 1 155 177 162 205
2012-09-11_15_16_58.jpg 1 388 403 159 197
2012-09-11_15_16_58.jpg 2 204 225 163 203
2012-09-11_15_16_58.jpg 1 324 344 232 271
2012-09-11_15_16_58.jpg 2 229 252 235 275
2012-09-11_15_16_58.jpg 1 368 386 159 197
2012-09-11_15_16_58.jpg 2 188 212 237 276
2012-09-11_15_16_58.jpg 2 84 113 368 418
2012-09-11_15_16_58.jpg 2 181 206 370 416
2012-09-11_15_16_58.jpg 1 404 423 225 270
2012-09-11_15_16_58.jpg 2 283 302 274 323
2012-09-11_15_16_58.jpg 2 148 172 235 275
2012-09-11_15_16_58.jpg 2 498 525 370 428
2012-09-11_15_16_58.jpg 1 167 192 235 274
2012-09-11_15_16_58.jpg 1 424 444 226 273
2012-09-11_15_16_58.jpg 2 230 251 161 203
2012-09-11_15_16_58.jpg 2 241 265 273 323
2012-09-11_15_16_58.jpg 2 136 162 264 319
2012-09-11_15_16_58.jpg 1 442 465 224 271
2012-09-11_15_16_58.jpg 2 360 383 368 423
2012-09-11_15_16_58.jpg 2 117 145 269 321
2012-09-11_15_16_58.jpg 2 173 197 270 322
2012-09-11_15_16_58.jpg 1 524 547 227 269
2012-09-11_15_16_58.jpg 2 428 454 373 425
2012-09-11_15_16_58.jpg 1 130 157 233 273
2012-09-11_15_16_58.jpg 2 335 360 371 420
2012-09-11_15_16_58.jpg 1 403 420 159 195
2012-09-11_15_16_58.jpg 2 344 362 274 319
2012-09-11_15_16_58.jpg 2 443 466 275 317
2012-09-11_15_16_58.jpg 2 463 484 225 270
2012-09-11_15_16_58.jpg 1 113 140 235 273
2012-09-11_15_16_58.jpg 2 382 404 229 270
2012-09-11_15_16_58.jpg 2 363 383 274 320
2012-09-11_15_16_58.jpg 2 504 526 225 270
2012-09-11_15_16_58.jpg 2 351 367 161 195
2012-09-11_15_16_58.jpg 2 205 225 271 325
2012-09-11_15_16_58.jpg 1 364 382 234 271
2012-09-11_15_16_58.jpg 2 21 57 444 492
2012-09-11_15_16_58.jpg 2 425 445 273 319
2012-09-11_15_16_58.jpg 2 403 423 272 318
2012-09-11_15_16_58.jpg 2 466 487 273 319
2012-09-11_15_16_58.jpg 2 457 476 158 195
2012-09-11_15_16_58.jpg 2 485 510 270 317
2012-09-11_15_16_58.jpg 2 100 125 267 319
2012-09-11_15_16_58.jpg 2 422 439 159 195
2012-09-11_15_16_58.jpg 2 383 402 274 320
2012-09-11_15_16_58.jpg 2 406 429 372 423
2012-09-11_15_16_58.jpg 2 507 530 273 317
2012-09-11_15_16_58.jpg 1 213 235 237 273
2012-09-11_15_16_58.jpg 2 483 506 224 273
2012-09-11_15_16_58.jpg 1 477 495 154 195
2012-09-11_15_16_58.jpg 2 439 457 159 193
2012-09-11_15_16_58.jpg 2 529 555 268 314
2012-09-11_15_16_58.jpg 2 544 575 366 423
2012-09-11_15_16_58.jpg 2 383 406 368 421
2012-09-11_15_16_58.jpg 1 66 94 366 419
2012-09-11_15_16_58.jpg 2 64 95 365 419