2013-03-16_08_55_03.jpg 2 223 286 269 343
2013-03-16_08_55_03.jpg 1 245 312 326 406
2013-03-16_08_55_03.jpg 1 203 262 223 280
2013-03-16_08_55_03.jpg 2 303 387 467 581
2013-03-16_08_55_03.jpg 1 254 315 192 245
2013-03-16_08_55_03.jpg 1 191 248 176 233
2013-03-16_08_55_03.jpg 2 171 224 138 187
2013-03-16_08_55_03.jpg 2 316 388 352 430
2013-03-16_08_55_03.jpg 2 365 433 425 506
2013-03-16_08_55_03.jpg 1 431 473 162 224
2013-03-16_08_55_03.jpg 2 532 585 204 262
2013-03-16_08_55_03.jpg 2 302 362 288 357
2013-03-16_08_55_03.jpg 1 236 294 148 199
2013-03-16_08_55_03.jpg 1 272 337 235 297
2013-03-16_08_55_03.jpg 1 150 196 75 115
2013-03-16_08_55_03.jpg 2 468 507 198 272
2013-03-16_08_55_03.jpg 1 157 206 101 150
2013-03-16_08_55_03.jpg 1 270 347 390 478
2013-03-16_08_55_03.jpg 1 400 442 121 182
2013-03-16_08_55_03.jpg 2 503 543 241 312
2013-03-16_08_55_03.jpg 2 496 552 165 213
2013-03-16_08_55_03.jpg 2 542 592 303 374
2013-03-16_08_55_03.jpg 1 354 391 62 114
2013-03-16_08_55_03.jpg 1 464 514 124 169
2013-03-16_08_55_03.jpg 1 380 416 91 151
2013-03-16_08_55_03.jpg 1 410 458 61 103
2013-03-16_08_55_03.jpg 1 201 256 77 126
2013-03-16_08_55_03.jpg 2 334 372 39 92
2013-03-16_08_55_03.jpg 1 315 352 8 68
2013-03-16_08_55_03.jpg 2 529 560 50 100
2013-03-16_08_55_03.jpg 1 175 218 30 67
2013-03-16_08_55_03.jpg 1 221 271 116 160
2013-03-16_08_55_03.jpg 1 434 478 93 134
2013-03-16_08_55_03.jpg 1 191 236 57 93
2013-03-16_08_55_03.jpg 2 561 591 75 136
2013-03-16_08_55_03.jpg 2 570 629 260 322
2013-03-16_08_55_03.jpg 1 389 429 37 74
2013-03-16_08_55_03.jpg 1 366 410 9 47
2013-03-16_08_55_03.jpg 1 138 181 46 86
2013-03-16_08_55_03.jpg 2 500 531 29 78