2013-01-16_18_40_15.jpg 1 333 400 379 479
2013-01-16_18_40_15.jpg 2 315 391 447 558
2013-01-16_18_40_15.jpg 1 181 222 189 249
2013-01-16_18_40_15.jpg 2 349 411 324 407
2013-01-16_18_40_15.jpg 1 44 90 275 360
2013-01-16_18_40_15.jpg 1 356 416 276 345
2013-01-16_18_40_15.jpg 1 374 429 234 294
2013-01-16_18_40_15.jpg 1 131 177 257 332
2013-01-16_18_40_15.jpg 2 207 247 166 217
2013-01-16_18_40_15.jpg 1 138 178 183 242
2013-01-16_18_40_15.jpg 1 191 284 522 637
2013-01-16_18_40_15.jpg 1 109 153 204 276
2013-01-16_18_40_15.jpg 2 289 365 505 636
2013-01-16_18_40_15.jpg 2 222 260 135 186
2013-01-16_18_40_15.jpg 1 184 219 136 187
2013-01-16_18_40_15.jpg 1 290 352 283 343
2013-01-16_18_40_15.jpg 1 161 201 220 286
2013-01-16_18_40_15.jpg 1 384 434 201 251
2013-01-16_18_40_15.jpg 1 319 375 208 254
2013-01-16_18_40_15.jpg 1 163 199 158 211
2013-01-16_18_40_15.jpg 2 395 443 174 221
2013-01-16_18_40_15.jpg 2 342 392 180 222
2013-01-16_18_40_15.jpg 1 317 371 239 289
2013-01-16_18_40_15.jpg 2 76 124 233 311
2013-01-16_18_40_15.jpg 1 201 237 113 165
2013-01-16_18_40_15.jpg 1 241 273 118 166
2013-01-16_18_40_15.jpg 1 405 451 153 195
2013-01-16_18_40_15.jpg 1 345 393 152 190